// 這是 FAIL 的圖片，請將以下程式碼貼到 PATTERN.sv 中的 YOU_FAIL_TASK 裡
task YOU_FAIL_TASK; begin
    $display("\033[38;2;38;38;38m..........\033[38;2;37;37;37m.\033[38;2;36;37;37m.\033[38;2;49;50;51m.\033[38;2;56;57;58m:\033[38;2;40;40;41m.\033[38;2;36;36;35m.\033[38;2;38;38;38m.....\033[38;2;37;37;37m.\033[38;2;35;35;35m.\033[38;2;36;36;36m.\033[38;2;38;38;38m........................................................\033[0m");
    $display("\033[38;2;38;38;38m.........\033[38;2;37;37;37m.\033[38;2;40;40;40m.\033[38;2;101;100;100m-\033[38;2;150;144;143m+\033[38;2;145;136;132m=\033[38;2;135;132;130m=\033[38;2;59;60;59m:\033[38;2;36;36;36m.\033[38;2;36;37;37m.\033[38;2;38;38;38m..\033[38;2;36;36;36m.\033[38;2;45;45;45m.\033[38;2;63;64;64m:\033[38;2;54;54;54m.\033[38;2;37;38;37m.\033[38;2;38;37;37m.\033[38;2;38;38;38m.......................\033[38;2;37;37;37m.\033[38;2;38;38;38m..\033[38;2;37;37;37m.\033[38;2;36;36;36m..\033[38;2;38;38;38m.........................\033[0m");
    $display("\033[38;2;38;38;38m........\033[38;2;37;37;37m.\033[38;2;35;35;35m.\033[38;2;47;47;47m.\033[38;2;155;154;153m+\033[38;2;143;125;120m=\033[38;2;93;69;59m:\033[38;2;166;152;149m+\033[38;2;115;115;113m=\033[38;2;33;33;34m.\033[38;2;37;38;39m.\033[38;2;40;40;40m.\033[38;2;32;33;33m.\033[38;2;61;60;60m:\033[38;2;147;143;142m+\033[38;2;150;143;138m+\033[38;2;160;155;152m+\033[38;2;103;101;100m-\033[38;2;40;38;39m.\033[38;2;37;37;37m.\033[38;2;38;38;38m....................\033[38;2;37;37;37m.\033[38;2;35;35;35m.\033[38;2;37;37;38m.\033[38;2;36;36;37m.\033[38;2;33;33;33m.\033[38;2;40;40;40m.\033[38;2;56;57;58m:\033[38;2;53;54;54m.\033[38;2;38;38;38m.\033[38;2;37;37;37m.\033[38;2;38;38;38m.......................\033[0m");
    $display("\033[38;2;38;38;38m......\033[38;2;37;37;37m.\033[38;2;34;35;35m.\033[38;2;37;38;37m.\033[38;2;37;38;38m.\033[38;2;39;40;41m.\033[38;2;138;137;136m=\033[38;2;145;129;125m=\033[38;2;90;65;56m:\033[38;2;145;129;125m=\033[38;2;135;134;132m=\033[38;2;88;88;88m-\033[38;2;136;132;130m=\033[38;2;138;134;132m=\033[38;2;96;95;95m-\033[38;2;102;102;101m-\033[38;2;166;157;153m+\033[38;2;94;71;64m:\033[38;2;138;122;116m=\033[38;2;157;154;153m+\033[38;2;49;49;50m.\033[38;2;35;36;36m.\033[38;2;38;38;38m...................\033[38;2;37;37;37m.\033[38;2;41;41;42m.\033[38;2;95;96;96m-\033[38;2;133;128;127m=\033[38;2;129;126;124m=\033[38;2;108;108;108m-\033[38;2;138;136;136m=\033[38;2;144;136;133m=\033[38;2;149;142;138m+\033[38;2;116;114;113m=\033[38;2;42;43;43m.\033[38;2;35;35;35m.\033[38;2;36;36;36m.\033[38;2;38;38;38m.....................\033[0m");
    $display("\033[38;2;38;38;38m.....\033[38;2;37;37;37m.\033[38;2;39;39;39m.\033[38;2;80;80;80m:\033[38;2;135;132;129m=\033[38;2;137;134;132m=\033[38;2;102;102;100m-\033[38;2;130;130;128m=\033[38;2;150;137;134m+\033[38;2;91;66;59m:\033[38;2;131;112;106m=\033[38;2;152;150;148m+\033[38;2;159;158;158m+\033[38;2;136;119;113m=\033[38;2;111;89;84m-\033[38;2;166;158;155m+\033[38;2;133;135;133m=\033[38;2;160;153;149m+\033[38;2;98;75;68m:\033[38;2;123;107;99m-\033[38;2;161;159;157m+\033[38;2;59;57;60m:\033[38;2;35;35;35m.\033[38;2;38;38;38m..................\033[38;2;37;37;37m.\033[38;2;36;36;36m.\033[38;2;77;77;77m:\033[38;2;174;169;167m*\033[38;2;118;98;92m-\033[38;2;125;108;101m=\033[38;2;215;213;211m#\033[38;2;197;191;189m*\033[38;2;100;79;70m-\033[38;2;113;95;86m-\033[38;2;172;165;164m+\033[38;2;72;71;71m:\033[38;2;49;49;49m.\033[38;2;51;51;51m.\033[38;2;38;38;38m.\033[38;2;37;37;37m.\033[38;2;38;38;38m...................\033[0m");
    $display("\033[38;2;38;38;38m.....\033[38;2;35;35;35m.\033[38;2;54;53;53m.\033[38;2;164;163;161m+\033[38;2;142;128;121m=\033[38;2;109;89;82m-\033[38;2;163;154;150m+\033[38;2;149;148;147m+\033[38;2;151;142;137m+\033[38;2;93;70;61m:\033[38;2;121;103;94m-\033[38;2;158;154;153m+\033[38;2;153;153;152m+\033[38;2;133;119;112m=\033[38;2;90;68;57m:\033[38;2;152;140;135m+\033[38;2;156;155;157m+\033[38;2;162;156;154m+\033[38;2;99;76;69m:\033[38;2;112;93;85m-\033[38;2;169;165;164m+\033[38;2;69;68;70m:\033[38;2;35;36;36m.\033[38;2;38;38;38m.\033[38;2;37;37;37m.\033[38;2;38;38;38m................\033[38;2;37;37;37m.\033[38;2;36;36;36m.\033[38;2;82;83;83m:\033[38;2;166;159;155m+\033[38;2;102;80;69m-\033[38;2;107;86;78m-\033[38;2;211;205;203m#\033[38;2;204;199;197m#\033[38;2;106;84;76m-\033[38;2;102;80;71m-\033[38;2;167;161;157m+\033[38;2;155;153;153m+\033[38;2;156;147;146m+\033[38;2;153;146;142m+\033[38;2;119;117;116m=\033[38;2;46;46;47m.\033[38;2;36;36;36m.\033[38;2;38;38;38m..................\033[0m");
    $display("\033[38;2;38;38;38m.....\033[38;2;36;36;36m.\033[38;2;51;50;50m.\033[38;2;151;149;148m+\033[38;2;130;115;108m=\033[38;2;91;68;59m:\033[38;2;155;145;140m+\033[38;2;170;169;168m*\033[38;2;160;151;147m+\033[38;2;96;73;63m:\033[38;2;118;99;90m-\033[38;2;166;162;160m+\033[38;2;143;143;142m+\033[38;2;144;131;125m=\033[38;2;91;69;58m:\033[38;2;143;130;125m=\033[38;2;149;148;149m+\033[38;2;156;153;151m+\033[38;2;131;114;108m=\033[38;2;136;121;114m=\033[38;2;169;166;164m+\033[38;2;63;63;64m:\033[38;2;36;36;36m.\033[38;2;38;38;38m.\033[38;2;37;37;37m.\033[38;2;38;38;38m.....\033[38;2;37;38;38m..\033[38;2;37;37;38m.\033[38;2;37;37;37m.....\033[38;2;37;38;37m.\033[38;2;38;38;38m.\033[38;2;38;37;38m.\033[38;2;37;37;37m.\033[38;2;36;36;36m.\033[38;2;79;80;80m:\033[38;2;165;158;154m+\033[38;2;101;79;68m-\033[38;2;106;84;76m-\033[38;2;194;188;187m*\033[38;2;197;192;190m*\033[38;2;117;95;89m-\033[38;2;94;69;60m:\033[38;2;172;163;159m+\033[38;2;217;213;212m#\033[38;2;123;105;98m-\033[38;2;103;81;73m-\033[38;2;169;162;158m+\033[38;2;85;86;86m-\033[38;2;36;36;36m.\033[38;2;38;38;38m.\033[38;2;37;37;37m.\033[38;2;38;38;38m................\033[0m");
    $display("\033[38;2;38;38;38m.....\033[38;2;36;36;36m.\033[38;2;47;47;47m.\033[38;2;146;144;145m+\033[38;2;141;126;121m=\033[38;2;90;68;56m:\033[38;2;148;135;130m=\033[38;2;170;168;169m*\033[38;2;161;152;150m+\033[38;2;99;76;68m:\033[38;2;115;94;86m-\033[38;2;163;158;156m+\033[38;2;136;136;135m=\033[38;2;147;134;129m=\033[38;2;91;69;57m:\033[38;2;142;128;121m=\033[38;2;135;132;132m=\033[38;2;74;73;71m:\033[38;2;109;107;106m-\033[38;2;110;110;109m-\033[38;2;75;75;75m:\033[38;2;39;39;39m.\033[38;2;37;37;37m.\033[38;2;38;38;38m....\033[38;2;37;37;37m.\033[38;2;36;37;37m..\033[38;2;38;37;38m.\033[38;2;38;38;38m.\033[38;2;39;40;39m.\033[38;2;42;41;40m.\033[38;2;44;42;41m.\033[38;2;45;43;41m..\033[38;2;44;42;40m.\033[38;2;43;41;39m.\033[38;2;41;40;39m.\033[38;2;38;37;38m.\033[38;2;37;37;38m.\033[38;2;35;35;36m.\033[38;2;57;57;57m:\033[38;2;153;150;148m+\033[38;2;143;129;123m=\033[38;2;135;122;116m=\033[38;2;177;173;172m*\033[38;2;179;177;175m*\033[38;2;122;104;98m-\033[38;2;91;67;58m:\033[38;2;166;155;148m+\033[38;2;216;213;213m#\033[38;2;122;107;97m-\033[38;2;93;71;61m:\033[38;2;164;154;150m+\033[38;2;98;98;97m-\033[38;2;36;36;36m.\033[38;2;38;38;38m.\033[38;2;37;37;37m.\033[38;2;38;38;38m................\033[0m");
    $display("\033[38;2;38;38;38m.....\033[38;2;36;36;36m.\033[38;2;41;41;41m.\033[38;2;134;133;134m=\033[38;2;149;135;131m=\033[38;2;87;64;53m:\033[38;2;138;123;118m=\033[38;2;164;162;163m+\033[38;2;157;148;146m+\033[38;2;99;78;69m:\033[38;2;111;89;81m-\033[38;2;160;155;152m+\033[38;2;137;137;137m=\033[38;2;154;141;136m+\033[38;2;89;65;55m:\033[38;2;142;128;120m=\033[38;2;140;139;137m=\033[38;2;41;40;40m.\033[38;2;32;33;31m.\033[38;2;32;33;32m.\033[38;2;35;35;35m.\033[38;2;38;38;38m.\033[38;2;39;38;38m.\033[38;2;39;37;38m.\033[38;2;37;37;38m.\033[38;2;35;36;37m.\033[38;2;38;39;38m.\033[38;2;44;41;40m.\033[38;2;53;47;45m.\033[38;2;61;52;48m.\033[38;2;69;56;51m:\033[38;2;76;59;53m:\033[38;2;81;62;53m:\033[38;2;82;64;56m:\033[38;2;86;67;59m:\033[38;2;87;67;59m:\033[38;2;88;67;59m:\033[38;2;86;65;58m:\033[38;2;83;64;57m:\033[38;2;78;61;54m:\033[38;2;75;60;53m:\033[38;2;69;57;53m:\033[38;2;61;51;49m.\033[38;2;51;44;42m.\033[38;2;64;61;61m:\033[38;2;96;95;94m-\033[38;2;93;92;93m-\033[38;2;81;80;80m:\033[38;2;163;160;159m+\033[38;2;128;112;105m=\033[38;2;90;67;58m:\033[38;2;163;151;146m+\033[38;2;215;211;210m#\033[38;2;123;106;97m-\033[38;2;95;72;63m:\033[38;2;164;155;151m+\033[38;2;98;98;97m-\033[38;2;36;36;36m.\033[38;2;38;38;38m.\033[38;2;37;37;37m.\033[38;2;38;38;38m................\033[0m");
    $display("\033[38;2;38;38;38m.....\033[38;2;37;37;37m..\033[38;2;112;112;112m=\033[38;2;171;162;159m+\033[38;2;116;97;89m-\033[38;2;156;144;141m+\033[38;2;155;154;155m+\033[38;2;162;154;151m+\033[38;2;103;82;73m-\033[38;2;109;87;78m-\033[38;2;162;156;153m+\033[38;2;105;105;105m-\033[38;2;151;147;144m+\033[38;2;143;132;127m=\033[38;2;161;154;152m+\033[38;2;107;107;108m-\033[38;2;39;39;39m.\033[38;2;37;37;37m.\033[38;2;38;38;38m..\033[38;2;37;38;38m.\033[38;2;35;37;37m.\033[38;2;38;39;38m.\033[38;2;49;44;42m.\033[38;2;62;53;50m.\033[38;2;75;61;55m:\033[38;2;84;66;58m:\033[38;2;93;71;63m:\033[38;2;104;82;75m-\033[38;2;119;99;92m-\033[38;2;136;118;111m=\033[38;2;152;139;132m+\033[38;2;164;152;146m+\033[38;2;173;163;159m+\033[38;2;177;167;164m**\033[38;2;172;162;159m+\033[38;2;162;151;146m+\033[38;2;150;136;130m=\033[38;2;133;117;110m=\033[38;2;117;97;89m-\033[38;2;101;80;71m-\033[38;2;91;69;60m:\033[38;2;81;62;54m:\033[38;2;67;54;49m:\033[38;2;48;42;38m.\033[38;2;56;54;54m.\033[38;2;168;163;163m+\033[38;2;131;114;108m=\033[38;2;86;62;54m:\033[38;2;164;151;148m+\033[38;2;214;209;207m#\033[38;2;119;99;92m-\033[38;2;97;73;65m:\033[38;2;164;155;151m+\033[38;2;95;95;95m-\033[38;2;36;36;37m.\033[38;2;38;38;38m.\033[38;2;37;37;37m.\033[38;2;38;38;38m................\033[0m");
    $display("\033[38;2;38;38;38m......\033[38;2;37;37;37m.\033[38;2;48;48;48m.\033[38;2;97;97;96m-\033[38;2;125;124;123m=\033[38;2;106;106;106m-\033[38;2;87;88;89m-\033[38;2;170;166;162m+\033[38;2;115;95;88m-\033[38;2;114;94;87m-\033[38;2;171;165;164m+\033[38;2;67;68;69m:\033[38;2;49;49;49m.\033[38;2;73;73;72m:\033[38;2;62;62;62m:\033[38;2;40;40;41m.\033[38;2;37;37;37m.\033[38;2;38;38;38m.\033[38;2;38;38;39m.\033[38;2;37;37;38m.\033[38;2;42;39;39m.\033[38;2;57;50;46m.\033[38;2;77;61;56m:\033[38;2;88;66;58m:\033[38;2;98;75;67m:\033[38;2;118;98;92m-\033[38;2;149;136;129m=\033[38;2;184;175;171m*\033[38;2;210;203;204m#\033[38;2;225;223;222m#\033[38;2;233;234;233m&\033[38;2;238;238;239m&\033[38;2;240;240;240m&\033[38;2;239;240;240m&&\033[38;2;239;241;241m&&\033[38;2;239;240;240m&\033[38;2;238;238;238m&\033[38;2;233;233;233m&\033[38;2;224;221;220m#\033[38;2;205;200;196m#\033[38;2;173;164;159m+\033[38;2;138;122;115m=\033[38;2;108;86;79m-\033[38;2;91;69;59m:\033[38;2;83;66;59m:\033[38;2;142;131;126m=\033[38;2;160;149;144m+\033[38;2;122;105;99m-\033[38;2;182;173;171m*\033[38;2;206;201;198m#\033[38;2;114;94;87m-\033[38;2;98;74;66m:\033[38;2;164;155;152m+\033[38;2;93;94;93m-\033[38;2;36;36;36m.\033[38;2;38;38;38m.\033[38;2;37;37;37m.\033[38;2;38;38;38m................\033[0m");
    $display("\033[38;2;38;38;38m.......\033[38;2;37;37;37m.\033[38;2;33;34;34m.\033[38;2;33;33;34m.\033[38;2;32;32;32m.\033[38;2;44;44;45m.\033[38;2;114;114;113m=\033[38;2;146;141;138m+\033[38;2;146;139;136m+\033[38;2;114;113;114m=\033[38;2;44;46;46m.\033[38;2;34;34;34m.\033[38;2;35;35;35m..\033[38;2;38;37;38m.\033[38;2;37;38;38m.\033[38;2;37;37;37m.\033[38;2;41;40;39m.\033[38;2;59;51;48m.\033[38;2;83;66;59m:\033[38;2;91;70;61m:\033[38;2;107;85;77m-\033[38;2;144;129;124m=\033[38;2;190;184;180m*\033[38;2;223;220;218m#\033[38;2;237;237;237m&\033[38;2;240;240;241m&\033[38;2;238;239;239m&\033[38;2;236;236;237m&\033[38;2;236;236;236m&\033[38;2;235;235;235m&&\033[38;2;235;236;236m&&\033[38;2;235;233;233m&\033[38;2;234;230;231m&\033[38;2;235;231;231m&\033[38;2;235;234;234m&\033[38;2;236;237;236m&\033[38;2;237;237;238m&\033[38;2;239;239;240m&\033[38;2;239;240;241m&\033[38;2;234;233;234m&\033[38;2;210;205;203m#\033[38;2;162;150;145m+\033[38;2;110;89;81m-\033[38;2;93;71;61m:\033[38;2;118;102;94m-\033[38;2;122;115;110m=\033[38;2;110;109;109m-\033[38;2;173;169;168m*\033[38;2;117;98;90m-\033[38;2;95;70;62m:\033[38;2;164;154;151m+\033[38;2;94;95;94m-\033[38;2;36;36;36m.\033[38;2;38;38;38m.\033[38;2;37;37;37m.\033[38;2;38;38;38m..\033[38;2;37;38;37m.\033[38;2;35;35;35m.\033[38;2;34;34;34m..\033[38;2;37;37;37m.\033[38;2;38;38;38m.........\033[0m");
    $display("\033[38;2;38;38;38m...........\033[38;2;37;37;37m.\033[38;2;36;36;36m.\033[38;2;47;47;47m..\033[38;2;36;36;36m.\033[38;2;37;37;37m.\033[38;2;37;38;37m.\033[38;2;38;38;38m..\033[38;2;38;37;39m.\033[38;2;37;37;36m.\033[38;2;50;45;41m.\033[38;2;78;62;57m:\033[38;2;93;70;62m:\033[38;2;104;82;74m-\033[38;2;150;135;131m=\033[38;2;209;202;199m#\033[38;2;236;235;234m&\033[38;2;239;240;241m&\033[38;2;237;237;237m&\033[38;2;235;235;235m&&&&&&\033[38;2;234;237;236m&\033[38;2;234;226;228m&\033[38;2;229;201;207m#\033[38;2;228;183;193m#\033[38;2;227;179;188m*\033[38;2;227;180;188m*\033[38;2;228;185;194m#\033[38;2;230;203;208m#\033[38;2;234;226;227m&\033[38;2;236;235;236m&\033[38;2;234;235;236m&\033[38;2;235;235;235m&\033[38;2;238;238;239m&\033[38;2;237;238;238m&\033[38;2;211;207;204m#\033[38;2;141;128;122m=\033[38;2;94;71;62m:\033[38;2;85;65;58m:\033[38;2;66;56;52m:\033[38;2;137;135;134m=\033[38;2;154;143;137m+\033[38;2;123;103;97m-\033[38;2;171;162;161m+\033[38;2;86;86;86m-\033[38;2;36;36;36m.\033[38;2;38;38;38m...\033[38;2;37;37;37m.\033[38;2;39;38;38m.\033[38;2;61;60;61m:\033[38;2;81;81;82m:\033[38;2;70;70;70m:\033[38;2;41;41;41m.\033[38;2;33;33;33m..\033[38;2;37;37;37m.\033[38;2;38;38;38m......\033[0m");
    $display("\033[38;2;38;38;38m...........\033[38;2;37;38;38m.\033[38;2;37;38;37m.\033[38;2;35;36;36m.\033[38;2;35;35;36m.\033[38;2;37;37;37m....\033[38;2;36;36;36m.\033[38;2;39;38;39m.\033[38;2;62;53;50m.\033[38;2;88;68;60m:\033[38;2;97;73;66m:\033[38;2;134;116;109m=\033[38;2;199;193;189m*\033[38;2;234;235;234m&\033[38;2;238;239;239m&\033[38;2;235;236;236m&\033[38;2;234;234;235m&\033[38;2;235;235;235m&&&&\033[38;2;234;234;234m&\033[38;2;235;235;236m&\033[38;2;234;235;236m&\033[38;2;231;218;220m#\033[38;2;228;182;192m#\033[38;2;225;168;180m*\033[38;2;225;167;178m*\033[38;2;226;168;179m*\033[38;2;225;168;178m*\033[38;2;225;167;178m*\033[38;2;225;168;179m*\033[38;2;227;185;194m#\033[38;2;235;224;226m&\033[38;2;234;236;236m&\033[38;2;235;235;235m&\033[38;2;234;234;234m&\033[38;2;236;235;235m&\033[38;2;239;239;240m&\033[38;2;227;229;225m&\033[38;2;158;146;141m+\033[38;2;98;74;67m:\033[38;2;93;70;61m:\033[38;2;79;70;66m:\033[38;2;101;102;100m-\033[38;2;113;112;109m-\033[38;2;88;87;87m-\033[38;2;44;44;44m.\033[38;2;37;37;37m.\033[38;2;38;38;38m.\033[38;2;39;39;39m.\033[38;2;37;37;37m..\033[38;2;89;88;88m-\033[38;2;163;155;153m+\033[38;2;137;123;118m=\033[38;2;164;154;151m+\033[38;2;135;135;134m=\033[38;2;81;82;80m:\033[38;2;75;76;76m:\033[38;2;47;48;47m.\033[38;2;37;37;36m.\033[38;2;38;37;37m.\033[38;2;38;38;38m....\033[0m");
    $display("\033[38;2;38;38;38m......\033[38;2;37;37;38m.\033[38;2;36;37;37m..\033[38;2;37;37;37m.\033[38;2;39;39;39m.\033[38;2;42;40;39m.\033[38;2;44;41;40m.\033[38;2;45;43;41m.\033[38;2;46;43;42m.\033[38;2;47;43;42m.\033[38;2;47;44;42m.\033[38;2;49;44;42m..\033[38;2;49;45;43m.\033[38;2;69;56;53m:\033[38;2;90;69;61m:\033[38;2;104;85;76m-\033[38;2;168;157;154m+\033[38;2;229;224;224m&\033[38;2;239;239;239m&\033[38;2;235;236;236m&\033[38;2;235;234;235m&\033[38;2;235;235;235m&&&&&&&\033[38;2;235;236;236m&\033[38;2;232;222;224m&\033[38;2;226;180;189m*\033[38;2;225;167;177m*\033[38;2;226;170;181m****\033[38;2;226;171;181m*\033[38;2;225;169;180m**\033[38;2;229;205;210m#\033[38;2;235;235;235m&&&&\033[38;2;234;235;235m&\033[38;2;236;238;237m&\033[38;2;230;228;228m&\033[38;2;163;152;147m+\033[38;2;100;76;68m:\033[38;2;92;71;62m:\033[38;2;55;48;45m.\033[38;2;34;33;32m.\033[38;2;33;34;34m.\033[38;2;36;37;37m.\033[38;2;38;38;38m...\033[38;2;37;37;37m.\033[38;2;38;38;38m.\033[38;2;121;120;120m=\033[38;2;155;142;137m+\033[38;2;87;63;55m:\033[38;2;139;122;116m=\033[38;2;205;198;194m#\033[38;2;141;127;121m=\033[38;2;154;144;142m+\033[38;2;144;141;140m+\033[38;2;52;51;51m.\033[38;2;35;36;36m.\033[38;2;38;38;38m....\033[0m");
    $display("\033[38;2;38;38;38m...\033[38;2;38;37;38m.\033[38;2;37;37;37m.\033[38;2;39;39;39m.\033[38;2;47;44;42m.\033[38;2;57;49;46m.\033[38;2;64;53;48m.\033[38;2;70;57;51m:\033[38;2;76;60;54m:\033[38;2;82;64;56m:\033[38;2;87;67;60m:\033[38;2;90;69;62m:\033[38;2;91;70;63m:\033[38;2;92;70;63m:\033[38;2;93;71;64m:\033[38;2;93;72;64m:\033[38;2;93;73;65m:\033[38;2;95;75;67m:\033[38;2;101;79;72m-\033[38;2;127;110;104m=\033[38;2;194;188;185m*\033[38;2;236;236;236m&\033[38;2;237;237;238m&\033[38;2;235;235;235m&\033[38;2;234;234;234m&\033[38;2;235;235;235m&&&&&&&\033[38;2;236;236;236m&\033[38;2;233;234;234m&\033[38;2;230;201;207m#\033[38;2;226;169;179m*\033[38;2;224;169;180m*\033[38;2;226;170;181m****\033[38;2;226;171;181m*\033[38;2;226;170;180m*\033[38;2;226;169;179m*\033[38;2;229;200;206m#\033[38;2;235;233;233m&\033[38;2;235;235;235m&&&\033[38;2;234;234;234m&\033[38;2;235;235;235m&\033[38;2;237;238;238m&\033[38;2;229;228;226m&\033[38;2;148;133;129m=\033[38;2;95;71;62m:\033[38;2;86;69;60m:\033[38;2;49;45;42m.\033[38;2;36;38;38m.\033[38;2;37;38;37m.\033[38;2;38;38;38m...\033[38;2;37;37;37m.\033[38;2;38;38;38m.\033[38;2;121;120;120m=\033[38;2;151;139;133m+\033[38;2;88;66;56m:\033[38;2;139;121;117m=\033[38;2;186;178;175m*\033[38;2;97;75;66m:\033[38;2;115;95;88m-\033[38;2;179;173;170m*\033[38;2;72;71;72m:\033[38;2;35;36;35m.\033[38;2;38;37;38m.\033[38;2;37;37;37m.\033[38;2;38;38;38m..\033[0m");
    $display("\033[38;2;38;38;38m..\033[38;2;37;38;38m.\033[38;2;41;39;40m.\033[38;2;60;51;49m.\033[38;2;79;63;56m:\033[38;2;89;68;61m:\033[38;2;103;82;73m-\033[38;2;124;105;98m-\033[38;2;145;130;124m=\033[38;2;162;151;145m+\033[38;2;174;164;161m+\033[38;2;186;177;175m*\033[38;2;191;184;180m*\033[38;2;193;186;183m*\033[38;2;194;187;184m*\033[38;2;195;188;185m*\033[38;2;196;190;187m*\033[38;2;198;192;190m*\033[38;2;200;194;192m*\033[38;2;209;205;203m#\033[38;2;229;227;226m&\033[38;2;238;238;239m&\033[38;2;235;236;236m&\033[38;2;235;235;235m&&&&&&&&&&\033[38;2;236;236;236m&\033[38;2;233;231;231m&\033[38;2;229;191;200m#\033[38;2;226;167;178m*\033[38;2;225;169;179m*\033[38;2;226;170;181m****\033[38;2;226;171;182m*\033[38;2;226;169;180m*\033[38;2;226;169;179m*\033[38;2;230;203;208m#\033[38;2;235;234;234m&\033[38;2;235;235;235m&&&&&&\033[38;2;237;239;238m&\033[38;2;206;202;198m#\033[38;2;114;95;88m-\033[38;2;95;71;62m:\033[38;2;69;59;54m:\033[38;2;39;39;37m.\033[38;2;37;38;37m.\033[38;2;38;38;38m...\033[38;2;37;37;37m.\033[38;2;37;38;38m.\033[38;2;111;109;110m-\033[38;2;165;154;150m+\033[38;2;100;79;70m-\033[38;2;151;137;133m+\033[38;2;195;188;184m*\033[38;2;105;84;75m-\033[38;2;111;91;83m-\033[38;2;171;165;162m+\033[38;2;73;72;73m:\033[38;2;35;36;35m.\033[38;2;38;37;38m.\033[38;2;37;37;37m.\033[38;2;38;38;38m..\033[0m");
    $display("\033[38;2;38;38;38m..\033[38;2;42;40;40m.\033[38;2;71;60;56m:\033[38;2;94;73;64m:\033[38;2;114;94;86m-\033[38;2;168;155;149m+\033[38;2;207;201;199m#\033[38;2;229;226;226m&\033[38;2;237;236;236m&\033[38;2;238;239;238m&\033[38;2;239;240;240m&&&&&&&&&\033[38;2;238;239;239m&\033[38;2;236;237;237m&\033[38;2;235;235;235m&&&&&&&&&&&&\033[38;2;236;236;236m&\033[38;2;233;232;232m&\033[38;2;229;193;201m#\033[38;2;226;167;180m*\033[38;2;224;169;178m*\033[38;2;226;170;181m*****\033[38;2;226;169;180m*\033[38;2;226;175;185m*\033[38;2;233;217;220m#\033[38;2;236;236;236m&\033[38;2;235;235;235m&\033[38;2;234;235;234m&\033[38;2;235;235;235m&&&&\033[38;2;236;237;237m&\033[38;2;233;230;231m&\033[38;2;156;142;137m+\033[38;2;96;72;63m:\033[38;2;84;68;62m:\033[38;2;47;44;41m.\033[38;2;38;38;38m.....\033[38;2;37;37;37m.\033[38;2;52;52;52m.\033[38;2;118;117;116m=\033[38;2;141;137;134m=\033[38;2;164;160;158m+\033[38;2;184;177;173m*\033[38;2;102;81;73m-\033[38;2;107;87;79m-\033[38;2;170;164;161m+\033[38;2;74;73;73m:\033[38;2;35;36;35m.\033[38;2;38;37;38m.\033[38;2;37;37;37m.\033[38;2;38;38;38m..\033[0m");
    $display("\033[38;2;37;37;37m..\033[38;2;53;47;45m.\033[38;2;90;71;63m:\033[38;2;100;76;67m:\033[38;2;178;168;165m*\033[38;2;242;244;244m&\033[38;2;240;242;242m&\033[38;2;237;238;237m&\033[38;2;235;235;235m&&&&&&&&&&&&&&&&&&&&&&&&&\033[38;2;236;236;236m&\033[38;2;236;237;236m&\033[38;2;235;215;219m#\033[38;2;228;174;186m*\033[38;2;224;167;178m*\033[38;2;226;170;180m*\033[38;2;226;170;181m*\033[38;2;227;170;181m*\033[38;2;226;170;181m*\033[38;2;224;167;178m*\033[38;2;225;170;181m*\033[38;2;230;201;208m#\033[38;2;236;232;232m&\033[38;2;235;236;236m&\033[38;2;235;235;235m&&&&&&\033[38;2;236;236;237m&\033[38;2;236;236;238m&\033[38;2;189;181;179m*\033[38;2;103;80;72m-\033[38;2;89;70;62m:\033[38;2;56;50;47m.\033[38;2;36;37;37m.\033[38;2;35;36;36m.\033[38;2;36;37;36m.\033[38;2;37;37;37m.\033[38;2;38;37;37m.\033[38;2;39;38;38m.\033[38;2;38;36;38m.\033[38;2;36;36;37m.\033[38;2;38;40;40m.\033[38;2;61;63;63m:\033[38;2;159;155;153m+\033[38;2;127;109;103m=\033[38;2;128;112;105m=\033[38;2;174;169;166m*\033[38;2;68;67;67m:\033[38;2;34;35;35m.\033[38;2;38;38;38m....\033[0m");
    $display("\033[38;2;37;37;37m.\033[38;2;38;38;38m.\033[38;2;47;43;41m.\033[38;2;82;66;60m:\033[38;2;97;75;67m:\033[38;2;134;118;110m=\033[38;2;199;193;191m*\033[38;2;229;227;226m&\033[38;2;238;237;237m&\033[38;2;239;239;239m&\033[38;2;240;240;240m&\033[38;2;239;240;240m&&&&\033[38;2;240;240;240m&&\033[38;2;239;240;240m&\033[38;2;240;240;240m&\033[38;2;238;239;239m&\033[38;2;236;236;236m&\033[38;2;235;235;235m&&&&&&&&&&&&\033[38;2;236;237;237m&\033[38;2;234;234;234m&\033[38;2;224;223;222m#\033[38;2;221;218;217m#\033[38;2;229;210;213m#\033[38;2;230;187;195m#\033[38;2;226;171;182m*\033[38;2;225;169;180m*\033[38;2;225;168;180m*\033[38;2;224;171;181m*\033[38;2;228;181;191m#\033[38;2;231;208;213m#\033[38;2;235;233;234m&\033[38;2;236;235;236m&\033[38;2;235;234;234m&\033[38;2;235;235;235m&&&&&&\033[38;2;235;235;236m&\033[38;2;236;237;238m&\033[38;2;214;208;207m#\033[38;2;119;100;93m-\033[38;2;87;64;55m:\033[38;2;79;61;55m:\033[38;2;65;53;49m:\033[38;2;62;51;45m.\033[38;2;62;51;46m.\033[38;2;67;54;48m:\033[38;2;72;56;51m:\033[38;2;75;58;52m:\033[38;2;77;59;54m:\033[38;2;75;58;52m:\033[38;2;71;55;49m:\033[38;2;68;55;49m:\033[38;2;98;89;85m-\033[38;2;131;124;122m=\033[38;2;127;124;123m=\033[38;2;88;88;88m-\033[38;2;40;41;41m.\033[38;2;36;37;37m.\033[38;2;38;38;38m....\033[0m");
    $display("\033[38;2;38;38;38m..\033[38;2;37;38;37m.\033[38;2;47;44;43m.\033[38;2;76;63;55m:\033[38;2;93;71;64m:\033[38;2;97;76;70m:\033[38;2;117;98;91m-\033[38;2;138;123;118m=\033[38;2;158;146;140m+\033[38;2;170;160;154m+\033[38;2;176;167;163m*\033[38;2;180;170;168m*\033[38;2;182;173;170m*\033[38;2;183;175;172m*\033[38;2;185;178;174m*\033[38;2;186;179;176m*\033[38;2;188;180;176m*\033[38;2;188;181;178m*\033[38;2;199;194;191m*\033[38;2;226;224;223m&\033[38;2;235;236;236m&\033[38;2;235;235;235m&&&&&&&&&&\033[38;2;237;237;237m&\033[38;2;218;215;214m#\033[38;2;148;136;132m=\033[38;2;113;93;84m-\033[38;2;110;90;84m-\033[38;2;135;120;115m=\033[38;2;201;191;189m*\033[38;2;232;221;223m&\033[38;2;231;214;218m#\033[38;2;232;213;217m#\033[38;2;233;220;223m&\033[38;2;235;230;232m&\033[38;2;235;236;236m&\033[38;2;235;235;235m&&&&&&&&&\033[38;2;234;234;234m&\033[38;2;236;236;236m&\033[38;2;234;234;234m&\033[38;2;207;203;201m#\033[38;2;164;154;150m+\033[38;2;142;127;120m=\033[38;2;127;110;103m=\033[38;2;121;104;96m-\033[38;2;128;110;103m=\033[38;2;139;122;116m=\033[38;2;147;132;126m=\033[38;2;156;142;136m+\033[38;2;161;147;141m+\033[38;2;154;139;133m+\033[38;2;141;126;120m=\033[38;2;125;105;98m-\033[38;2;99;78;70m:\033[38;2;85;65;57m:\033[38;2;78;62;54m:\033[38;2;58;50;46m.\033[38;2;41;40;41m.\033[38;2;37;37;38m.\033[38;2;38;38;38m....\033[0m");
    $display("\033[38;2;38;38;38m..\033[38;2;36;38;37m.\033[38;2;50;45;43m.\033[38;2;82;65;58m:\033[38;2;98;74;67m:\033[38;2;122;104;99m-\033[38;2;146;132;127m=\033[38;2;131;116;108m=\033[38;2;119;100;93m-\033[38;2;112;92;86m-\033[38;2;108;87;79m-\033[38;2;107;85;77m-\033[38;2;105;84;75m-\033[38;2;104;83;74m-\033[38;2;104;82;73m-\033[38;2;104;83;74m-\033[38;2;106;82;75m-\033[38;2;105;84;77m-\033[38;2;121;105;97m-\033[38;2;202;197;194m#\033[38;2;236;237;237m&\033[38;2;235;235;235m&&&&&&&&&\033[38;2;236;236;236m&\033[38;2;237;237;237m&\033[38;2;200;193;191m*\033[38;2;101;81;73m-\033[38;2;87;63;53m:\033[38;2;90;66;57m:\033[38;2;86;64;55m:\033[38;2;161;148;142m+\033[38;2;234;236;235m&\033[38;2;235;239;238m&\033[38;2;235;237;236m&\033[38;2;236;236;236m&\033[38;2;235;235;235m&&&&&&&&&&&&&&\033[38;2;237;239;239m&\033[38;2;239;240;240m&\033[38;2;237;236;236m&\033[38;2;230;229;229m&\033[38;2;227;226;227m&\033[38;2;231;230;230m&\033[38;2;236;235;235m&\033[38;2;237;237;237m&\033[38;2;238;239;239m&&\033[38;2;238;239;238m&\033[38;2;236;236;236m&\033[38;2;228;227;227m&\033[38;2;205;200;198m#\033[38;2;158;144;138m+\033[38;2;107;87;78m-\033[38;2;95;72;63m:\033[38;2;79;63;58m:\033[38;2;47;42;43m.\033[38;2;37;37;38m.\033[38;2;37;38;37m.\033[38;2;39;38;38m.\033[38;2;38;38;38m.\033[0m");
    $display("\033[38;2;37;37;37m.\033[38;2;38;38;38m.\033[38;2;41;40;39m.\033[38;2;75;62;58m:\033[38;2;95;71;63m:\033[38;2;131;113;106m=\033[38;2;220;215;214m#\033[38;2;240;241;241m&\033[38;2;235;235;235m&\033[38;2;229;228;228m&\033[38;2;226;223;224m&\033[38;2;222;219;219m#\033[38;2;220;217;216m#\033[38;2;218;215;214m#\033[38;2;216;214;211m#\033[38;2;215;213;210m#\033[38;2;216;213;210m#\033[38;2;217;214;211m#\033[38;2;219;216;214m#\033[38;2;226;224;223m&\033[38;2;234;233;233m&\033[38;2;235;235;235m&&&&&&&&&&\033[38;2;234;234;234m&\033[38;2;235;236;236m&\033[38;2;232;230;229m&\033[38;2;192;185;182m*\033[38;2;150;138;133m+\033[38;2;144;130;124m=\033[38;2;170;162;159m+\033[38;2;221;217;217m#\033[38;2;236;236;236m&&\033[38;2;235;235;235m&&&&&&&&&&&&&&&&&&&\033[38;2;236;236;236m&\033[38;2;237;237;237m&\033[38;2;236;236;236m&\033[38;2;235;235;235m&&&&&&\033[38;2;236;237;237m&\033[38;2;240;240;240m&\033[38;2;238;237;236m&\033[38;2;193;186;183m*\033[38;2;112;93;85m-\033[38;2;96;73;64m:\033[38;2;77;62;58m:\033[38;2;44;41;40m.\033[38;2;37;38;37m.\033[38;2;38;37;38m.\033[38;2;38;38;38m.\033[0m");
    $display("\033[38;2;38;38;38m..\033[38;2;40;39;38m.\033[38;2;72;58;55m:\033[38;2;95;72;64m:\033[38;2;120;102;95m-\033[38;2;198;192;189m*\033[38;2;233;234;234m&\033[38;2;240;241;242m&&\033[38;2;240;242;242m&\033[38;2;241;241;242m&\033[38;2;241;242;242m&\033[38;2;240;241;241m&\033[38;2;240;242;241m&&\033[38;2;240;242;242m&\033[38;2;241;243;242m&&\033[38;2;240;242;242m&\033[38;2;238;239;239m&\033[38;2;235;235;235m&&&&&&&&&&&&\033[38;2;235;236;236m&\033[38;2;238;239;239m&\033[38;2;237;238;239m&\033[38;2;238;240;241m&\033[38;2;243;244;245m&\033[38;2;241;241;243m&\033[38;2;237;238;237m&\033[38;2;235;235;235m&\033[38;2;235;234;234m&\033[38;2;236;236;236m&\033[38;2;236;235;235m&\033[38;2;235;235;235m&&&&&&&&&&&&&&&&&&&&&&&&&\033[38;2;234;234;234m&\033[38;2;235;235;235m&\033[38;2;236;237;237m&\033[38;2;237;235;235m&\033[38;2;171;163;158m+\033[38;2;99;76;68m:\033[38;2;95;72;63m:\033[38;2;59;51;46m.\033[38;2;37;38;37m.\033[38;2;38;37;37m.\033[38;2;38;38;38m.\033[0m");
    $display("\033[38;2;38;38;38m..\033[38;2;37;37;40m.\033[38;2;45;43;40m.\033[38;2;71;61;54m:\033[38;2;90;71;64m:\033[38;2;105;83;77m-\033[38;2;136;119;113m=\033[38;2;164;152;147m+\033[38;2;184;174;171m*\033[38;2;198;191;189m*\033[38;2;203;198;196m#\033[38;2;206;201;199m#\033[38;2;208;203;201m#\033[38;2;210;206;204m#\033[38;2;209;205;203m#\033[38;2;203;198;196m#\033[38;2;191;185;182m*\033[38;2;184;177;174m*\033[38;2;191;183;180m*\033[38;2;208;203;201m#\033[38;2;230;229;228m&\033[38;2;236;235;236m&\033[38;2;235;235;235m&&&&&&&&&&&&\033[38;2;237;237;237m&\033[38;2;224;221;221m#\033[38;2;191;183;180m*\033[38;2;161;149;145m+\033[38;2;142;127;121m=\033[38;2;129;113;107m=\033[38;2;136;120;115m=\033[38;2;202;196;194m#\033[38;2;236;235;234m&\033[38;2;236;236;236m&\033[38;2;235;235;235m&&&&&&&&&&&&&&&&&&&&&&&&\033[38;2;234;234;234m&\033[38;2;235;235;235m&&\033[38;2;237;238;237m&\033[38;2;205;201;197m#\033[38;2;111;91;84m-\033[38;2;95;73;63m:\033[38;2;66;57;53m:\033[38;2;36;38;37m.\033[38;2;38;37;37m.\033[38;2;38;38;38m.\033[0m");
    $display("\033[38;2;38;38;38m...\033[38;2;37;37;37m.\033[38;2;38;38;38m.\033[38;2;48;44;42m.\033[38;2;63;54;50m:\033[38;2;74;59;53m:\033[38;2;80;62;54m:\033[38;2;87;67;59m:\033[38;2;94;73;65m:\033[38;2;95;75;68m:\033[38;2;98;78;70m:\033[38;2;102;79;72m-\033[38;2;101;79;70m-\033[38;2;98;77;67m:\033[38;2;98;77;68m:\033[38;2;102;80;72m-\033[38;2;104;82;73m-\033[38;2;103;81;72m-\033[38;2;121;102;97m-\033[38;2;202;196;193m#\033[38;2;236;237;237m&\033[38;2;235;236;237m&\033[38;2;234;234;234m&\033[38;2;235;235;235m&&&&&&&&&\033[38;2;237;236;237m&\033[38;2;207;204;203m#\033[38;2;124;107;100m-\033[38;2;96;72;63m:\033[38;2;117;99;92m-\033[38;2;140;126;120m=\033[38;2;154;141;136m+\033[38;2;176;165;161m+\033[38;2;218;214;213m#\033[38;2;236;235;233m&\033[38;2;235;236;234m&\033[38;2;235;235;235m&\033[38;2;234;235;235m&\033[38;2;235;235;236m&\033[38;2;237;237;237m&\033[38;2;238;238;238m&\033[38;2;238;238;239m&\033[38;2;237;238;238m&\033[38;2;235;235;235m&&&&&&&&&&\033[38;2;236;236;236m&&&\033[38;2;235;235;235m&&&&\033[38;2;234;234;234m&\033[38;2;235;235;235m&&\033[38;2;237;238;237m&\033[38;2;201;196;192m#\033[38;2;109;88;81m-\033[38;2;95;73;63m:\033[38;2;66;56;51m:\033[38;2;37;38;37m.\033[38;2;38;37;37m.\033[38;2;38;38;38m.\033[0m");
    $display("\033[38;2;38;38;38m.....\033[38;2;34;36;36m.\033[38;2;32;33;33m.\033[38;2;36;36;37m.\033[38;2;41;40;39m.\033[38;2;44;41;40m.\033[38;2;46;43;42m.\033[38;2;60;51;47m.\033[38;2;87;68;60m:\033[38;2;95;73;62m:\033[38;2;111;92;84m-\033[38;2;157;142;137m+\033[38;2;192;184;182m*\033[38;2;210;206;204m#\033[38;2;216;212;210m#\033[38;2;215;211;209m#\033[38;2;220;216;215m#\033[38;2;231;231;230m&\033[38;2;234;236;235m&\033[38;2;236;236;236m&\033[38;2;235;236;236m&\033[38;2;236;236;236m&\033[38;2;235;236;236m&&&\033[38;2;235;235;235m&&\033[38;2;236;237;237m&\033[38;2;238;239;239m&&\033[38;2;240;240;240m&\033[38;2;203;199;196m#\033[38;2;110;90;81m-\033[38;2;92;68;59m:\033[38;2;161;150;145m+\033[38;2;230;229;227m&\033[38;2;240;242;242m&\033[38;2;239;240;241m&\033[38;2;237;237;236m&\033[38;2;234;235;233m&\033[38;2;235;235;234m&\033[38;2;236;237;237m&\033[38;2;239;239;239m&\033[38;2;235;235;234m&\033[38;2;225;223;223m#\033[38;2;214;211;210m#\033[38;2;208;203;201m#\033[38;2;218;214;213m#\033[38;2;233;233;231m&\033[38;2;235;235;235m&&&&&&\033[38;2;236;236;236m&\033[38;2;238;239;240m&\033[38;2;239;239;240m&\033[38;2;236;235;235m&\033[38;2;233;232;232m&\033[38;2;234;234;234m&\033[38;2;235;235;235m&&&&\033[38;2;234;234;234m&\033[38;2;235;235;235m&\033[38;2;236;236;236m&\033[38;2;235;235;234m&\033[38;2;167;156;152m+\033[38;2;98;74;65m:\033[38;2;91;71;63m:\033[38;2;55;48;45m.\033[38;2;37;38;37m.\033[38;2;38;37;37m.\033[38;2;38;38;38m.\033[0m  \033[31mi\033[m\033[31m:\033[m\033[31m.\033[m\033[31m.\033[m\033[31m:\033[m\033[31m:\033[m\033[31m:\033[m\033[31m:\033[m\033[31m:\033[m\033[31m:\033[m\033[31mi\033[m\033[31m.\033[m      \033[31m:\033[m\033[31m:\033[m\033[31m:\033[m\033[31m:\033[m\033[31m:\033[m         \033[31m:\033[m\033[31m:\033[m\033[31m:\033[m\033[31m:\033[m    \033[31m.\033[m\033[31m:\033[m\033[31m:\033[m\033[31m:\033[m\033[31m.\033[m          ");
    $display("\033[38;2;38;38;38m...\033[38;2;37;37;37m.\033[38;2;36;36;36m.\033[38;2;48;47;48m.\033[38;2;97;95;94m-\033[38;2;123;121;118m=\033[38;2;125;120;118m=\033[38;2;125;119;117m=\033[38;2;119;114;112m=\033[38;2;97;84;77m-\033[38;2;93;69;60m:\033[38;2;124;105;98m-\033[38;2;209;203;202m#\033[38;2;240;238;238m&\033[38;2;240;240;240m&\033[38;2;238;238;239m&\033[38;2;237;238;238m&\033[38;2;238;238;238m&\033[38;2;237;239;239m&\033[38;2;236;237;237m&\033[38;2;236;234;234m&\033[38;2;234;230;231m&\033[38;2;233;227;228m&\033[38;2;233;225;227m&\033[38;2;234;225;227m&\033[38;2;234;227;228m&\033[38;2;234;231;231m&\033[38;2;234;236;235m&\033[38;2;235;237;237m&\033[38;2;227;225;223m&\033[38;2;209;206;203m#\033[38;2;207;203;201m#\033[38;2;221;220;219m#\033[38;2;235;235;234m&\033[38;2;193;187;184m*\033[38;2;119;101;95m-\033[38;2;90;69;59m:\033[38;2;136;121;115m=\033[38;2;217;214;211m#\033[38;2;236;236;237m&\033[38;2;235;235;235m&\033[38;2;234;235;235m&\033[38;2;238;238;238m&\033[38;2;230;227;227m&\033[38;2;188;180;176m*\033[38;2;141;124;118m=\033[38;2;113;92;83m-\033[38;2;104;83;75m-\033[38;2;105;85;77m-\033[38;2;145;131;127m=\033[38;2;221;219;217m#\033[38;2;236;237;239m&\033[38;2;235;235;236m&\033[38;2;234;234;234m&\033[38;2;235;235;235m&&\033[38;2;237;236;236m&\033[38;2;233;229;231m&\033[38;2;199;191;190m*\033[38;2;159;147;143m+\033[38;2;134;117;110m=\033[38;2;124;107;99m-\033[38;2;160;150;145m+\033[38;2;226;225;224m&\033[38;2;235;236;236m&\033[38;2;234;234;234m&\033[38;2;235;235;235m&\033[38;2;234;234;234m&\033[38;2;237;237;237m&\033[38;2;238;238;239m&\033[38;2;195;190;187m*\033[38;2;112;92;85m-\033[38;2;92;68;60m:\033[38;2;69;56;53m:\033[38;2;40;39;38m.\033[38;2;37;38;37m.\033[38;2;39;38;39m.\033[38;2;38;38;38m.\033[0m  \033[31mB\033[m\033[31mB\033[m\033[31mB\033[m\033[31mB\033[m\033[31mB\033[m\033[31mB\033[m\033[31mB\033[m\033[31mB\033[m\033[31mB\033[m\033[31mB\033[m\033[31mB\033[m\033[31mi\033[m     \033[31mi\033[m\033[31mB\033[m\033[31mB\033[m\033[31mB\033[m\033[31mB\033[m\033[31mB\033[m\033[31mL\033[m       \033[31m.\033[m\033[31mB\033[m\033[31mB\033[m\033[31mB\033[m\033[31mB\033[m    \033[31m7\033[m\033[31mB\033[m\033[31mB\033[m\033[31mB\033[m\033[31m7\033[m          ");
    $display("\033[38;2;38;38;38m..\033[38;2;37;37;36m.\033[38;2;35;35;33m.\033[38;2;43;44;42m.\033[38;2;106;106;108m-\033[38;2;192;185;184m*\033[38;2;137;121;114m=\033[38;2;118;99;90m-\033[38;2;119;99;90m--\033[38;2;105;83;76m-\033[38;2;92;68;59m:\033[38;2;127;110;104m=\033[38;2;223;217;218m#\033[38;2;239;240;240m&\033[38;2;235;235;235m&\033[38;2;235;234;234m&\033[38;2;235;235;235m&&\033[38;2;233;231;231m&\033[38;2;231;209;214m#\033[38;2;228;190;197m#\033[38;2;228;180;189m*\033[38;2;226;175;185m*\033[38;2;225;174;184m*\033[38;2;226;173;184m*\033[38;2;226;176;186m*\033[38;2;227;182;190m#\033[38;2;230;195;201m#\033[38;2;202;182;183m*\033[38;2;124;105;100m-\033[38;2;100;79;71m-\033[38;2;99;78;68m:\033[38;2;111;92;84m-\033[38;2;183;175;171m*\033[38;2;237;237;236m&\033[38;2;222;218;217m#\033[38;2;176;167;164m*\033[38;2;173;164;159m+\033[38;2;222;219;217m#\033[38;2;236;236;236m&\033[38;2;235;235;236m&\033[38;2;236;237;238m&\033[38;2;215;210;209m#\033[38;2;139;125;120m=\033[38;2;93;71;62m:\033[38;2;102;80;72m-\033[38;2;148;134;128m=\033[38;2;189;181;177m*\033[38;2;209;206;203m#\033[38;2;224;223;222m#\033[38;2;233;234;233m&\033[38;2;235;235;235m&&\033[38;2;235;235;236m&\033[38;2;237;237;237m&\033[38;2;239;239;240m&\033[38;2;221;221;217m#\033[38;2;149;135;129m=\033[38;2;96;73;65m:\033[38;2;100;78;70m:\033[38;2;136;122;115m=\033[38;2;173;163;159m+\033[38;2;208;202;199m#\033[38;2;233;233;231m&\033[38;2;235;237;236m&\033[38;2;235;236;235m&\033[38;2;237;238;238m&\033[38;2;239;240;240m&\033[38;2;227;225;225m&\033[38;2;174;165;160m+\033[38;2;109;90;82m-\033[38;2;98;75;67m:\033[38;2;107;92;87m-\033[38;2;63;60;60m:\033[38;2;37;38;38m.\033[38;2;38;38;38m.\033[38;2;39;38;39m.\033[38;2;38;38;38m.\033[0m  \033[31mB\033[m\033[31mB\033[m\033[31mB\033[m\033[31mB\033[m\033[31m.\033[m\033[31m:\033[m\033[31m:\033[m\033[31m:\033[m\033[31m:\033[m\033[31mi\033[m\033[31mr\033[m\033[31m.\033[m     \033[31mB\033[m\033[31mB\033[m\033[31mB\033[m\033[31m:\033[m\033[31mB\033[m\033[31mB\033[m\033[31mB\033[m\033[31m.\033[m      \033[31m.\033[m\033[31mB\033[m\033[31mB\033[m\033[31mB\033[m\033[31mv\033[m    \033[31mi\033[m\033[31mB\033[m\033[31mB\033[m\033[31mB\033[m\033[31m:\033[m          ");
    $display("\033[38;2;37;37;37m..\033[38;2;49;51;49m.\033[38;2;123;121;118m=\033[38;2;142;134;132m=\033[38;2;142;132;128m=\033[38;2;161;149;145m+\033[38;2;154;140;135m+\033[38;2;145;131;124m=\033[38;2;143;129;122m=\033[38;2;144;130;123m=\033[38;2;146;131;125m=\033[38;2;109;89;81m-\033[38;2;92;68;61m:\033[38;2;141;125;120m=\033[38;2;215;211;207m#\033[38;2;239;239;240m&\033[38;2;240;239;240m&\033[38;2;237;236;236m&\033[38;2;235;230;231m&\033[38;2;229;191;199m#\033[38;2;224;167;178m*\033[38;2;225;167;179m*\033[38;2;227;169;181m*\033[38;2;226;169;180m*****\033[38;2;226;169;181m*\033[38;2;200;153;161m+\033[38;2;126;98;95m-\033[38;2;102;77;70m:\033[38;2;99;75;67m:\033[38;2;109;87;80m-\033[38;2;180;171;169m*\033[38;2;235;234;234m&\033[38;2;237;238;238m&\033[38;2;238;240;239m&\033[38;2;238;240;240m&\033[38;2;235;236;235m&\033[38;2;235;235;235m&\033[38;2;236;236;238m&\033[38;2;230;229;230m&\033[38;2;153;141;135m+\033[38;2;89;64;55m:\033[38;2;108;88;80m-\033[38;2;197;189;186m*\033[38;2;240;241;241m&\033[38;2;242;243;242m&\033[38;2;240;240;240m&\033[38;2;239;240;240m&&&\033[38;2;238;238;238m&\033[38;2;232;231;231m&\033[38;2;223;220;220m#\033[38;2;220;216;214m#\033[38;2;173;163;158m+\033[38;2;93;72;64m:\033[38;2;98;76;68m:\033[38;2;182;172;167m*\033[38;2;240;240;241m&\033[38;2;244;245;247m&\033[38;2;242;242;243m&\033[38;2;240;241;240m&\033[38;2;238;238;238m&\033[38;2;231;229;229m&\033[38;2;212;208;208m#\033[38;2;174;165;162m+\033[38;2;124;107;98m-\033[38;2;94;72;62m:\033[38;2;94;71;62m:\033[38;2;99;76;67m:\033[38;2;137;124;118m=\033[38;2;164;162;161m+\033[38;2;67;67;67m:\033[38;2;36;36;36m.\033[38;2;37;37;37m.\033[38;2;38;38;38m.\033[0m  \033[31mB\033[m\033[31mB\033[m\033[31mB\033[m\033[31mQ\033[m            \033[31m:\033[m\033[31mB\033[m\033[31mB\033[m\033[31mY\033[m \033[31mi\033[m\033[31mB\033[m\033[31mB\033[m\033[31m7\033[m       \033[31mB\033[m\033[31mB\033[m\033[31mB\033[m\033[31m7\033[m    \033[31m:\033[m\033[31mB\033[m\033[31mB\033[m\033[31mB\033[m\033[31m:\033[m          ");
    $display("\033[38;2;37;37;37m.\033[38;2;36;36;36m.\033[38;2;56;58;59m:\033[38;2;154;153;151m+\033[38;2;152;140;136m+\033[38;2;126;109;103m=\033[38;2;122;105;99m-\033[38;2;124;107;101m-\033[38;2;129;112;105m=\033[38;2;127;110;104m=\033[38;2;133;116;109m=\033[38;2;175;166;161m*\033[38;2;167;161;155m+\033[38;2;110;92;86m-\033[38;2;95;70;62m:\033[38;2;114;95;87m-\033[38;2;164;153;150m+\033[38;2;211;205;204m#\033[38;2;232;232;231m&\033[38;2;236;232;234m&\033[38;2;231;191;200m#\033[38;2;229;170;182m*\033[38;2;229;172;184m*\033[38;2;229;172;183m*\033[38;2;228;171;182m*\033[38;2;227;170;182m**\033[38;2;226;170;181m**\033[38;2;227;170;181m*\033[38;2;227;172;182m*\033[38;2;220;168;178m*\033[38;2;205;156;164m*\033[38;2;200;154;160m*\033[38;2;213;165;174m*\033[38;2;232;207;212m#\033[38;2;237;236;236m&\033[38;2;235;237;237m&\033[38;2;237;237;237m&\033[38;2;238;238;238m&\033[38;2;238;239;239m&\033[38;2;239;240;240m&\033[38;2;240;241;242m&\033[38;2;234;234;233m&\033[38;2;162;150;143m+\033[38;2;93;71;61m:\033[38;2;103;82;76m-\033[38;2;169;159;153m+\033[38;2;214;212;210m#\033[38;2;223;220;219m#\033[38;2;219;217;215m#\033[38;2;209;206;203m#\033[38;2;194;187;184m*\033[38;2;173;162;159m+\033[38;2;150;136;131m=\033[38;2;126;110;103m=\033[38;2;111;91;84m-\033[38;2;106;87;77m-\033[38;2;101;81;71m-\033[38;2;96;73;64m:\033[38;2;96;73;65m:\033[38;2;136;119;113m=\033[38;2;184;174;172m*\033[38;2;198;192;190m*\033[38;2;192;184;181m*\033[38;2;175;164;160m+\033[38;2;150;137;131m+\033[38;2;125;109;101m=\033[38;2;105;84;76m-\033[38;2;92;69;60m:\033[38;2;103;81;73m-\033[38;2;135;118;112m=\033[38;2;145;131;123m=\033[38;2;145;129;124m=\033[38;2;173;163;161m+\033[38;2;165;164;163m+\033[38;2;60;60;60m:\033[38;2;36;36;36m.\033[38;2;37;37;37m.\033[38;2;38;38;38m.\033[0m  \033[31mB\033[m\033[31mB\033[m\033[31mB\033[m\033[31mB\033[m            \033[31mB\033[m\033[31mB\033[m\033[31mB\033[m\033[31m.\033[m \033[31m.\033[m\033[31mB\033[m\033[31mB\033[m\033[31mB\033[m\033[31m.\033[m      \033[31mB\033[m\033[31mB\033[m\033[31mB\033[m\033[31m7\033[m    \033[31m:\033[m\033[31mB\033[m\033[31mB\033[m\033[31mB\033[m\033[31m:\033[m          ");
    $display("\033[38;2;38;38;38m..\033[38;2;37;37;38m.\033[38;2;46;48;48m.\033[38;2;74;74;74m:\033[38;2;83;83;82m:\033[38;2;105;105;104m-\033[38;2;189;188;187m*\033[38;2;167;154;149m+\033[38;2;133;117;111m=\033[38;2;131;115;109m=\033[38;2;132;116;109m=\033[38;2;129;112;105m=\033[38;2;118;99;90m-\033[38;2;100;75;67m:\033[38;2;94;69;61m:\033[38;2;93;68;59m:\033[38;2;104;81;74m-\033[38;2;130;113;107m=\033[38;2;161;148;143m+\033[38;2;184;167;164m*\033[38;2;195;160;163m*\033[38;2;206;158;165m*\033[38;2;215;164;172m*\033[38;2;219;168;177m*\033[38;2;222;171;180m*\033[38;2;224;172;181m*\033[38;2;226;173;183m*\033[38;2;228;173;183m*\033[38;2;228;173;184m*\033[38;2;228;173;185m*\033[38;2;229;174;185m*\033[38;2;231;176;188m*\033[38;2;230;176;188m*\033[38;2;229;171;183m*\033[38;2;224;193;198m#\033[38;2;231;227;227m&\033[38;2;229;228;227m&\033[38;2;224;222;221m#\033[38;2;215;212;211m#\033[38;2;205;200;199m#\033[38;2;189;182;179m*\033[38;2;170;159;154m+\033[38;2;147;133;128m=\033[38;2;122;103;95m-\033[38;2;99;77;68m:\033[38;2;98;74;66m:\033[38;2;96;74;66m:\033[38;2;106;86;78m-\033[38;2;114;93;86m-\033[38;2;111;90;82m-\033[38;2;104;82;73m-\033[38;2;102;80;72m-\033[38;2;108;87;79m-\033[38;2;115;96;88m-\033[38;2;113;95;87m-\033[38;2;112;93;86m-\033[38;2;112;92;84m-\033[38;2;113;93;84m-\033[38;2;113;94;85m-\033[38;2;114;94;86m-\033[38;2;110;90;80m-\033[38;2;106;87;77m-\033[38;2;108;87;79m-\033[38;2;105;84;76m-\033[38;2;101;80;71m-\033[38;2;99;77;68m:\033[38;2;100;78;70m:\033[38;2;102;81;74m-\033[38;2;103;82;74m-\033[38;2;111;90;81m-\033[38;2;118;98;89m-\033[38;2;116;96;86m-\033[38;2;114;94;85m-\033[38;2;140;125;119m=\033[38;2;179;175;172m*\033[38;2;80;80;80m:\033[38;2;36;36;36m.\033[38;2;37;37;37m.\033[38;2;38;38;38m.\033[0m  \033[31mB\033[m\033[31mB\033[m\033[31mB\033[m\033[31mB\033[m\033[31m:\033[m\033[31mr\033[m\033[31m7\033[m\033[31mv\033[m\033[31mv\033[m\033[31mj\033[m\033[31m:\033[m    \033[31m:\033[m\033[31mB\033[m\033[31mB\033[m\033[31mB\033[m   \033[31mg\033[m\033[31mB\033[m\033[31mB\033[m\033[31ms\033[m      \033[31mB\033[m\033[31mB\033[m\033[31mB\033[m\033[31m7\033[m    \033[31m:\033[m\033[31mB\033[m\033[31mB\033[m\033[31mB\033[m\033[31m:\033[m          ");
    $display("\033[38;2;38;38;38m...\033[38;2;37;37;37m.\033[38;2;34;34;34m.\033[38;2;32;32;32m.\033[38;2;51;50;50m.\033[38;2;130;127;128m=\033[38;2;140;131;128m=\033[38;2;131;120;116m=\033[38;2;138;128;124m=\033[38;2;136;125;122m=\033[38;2;135;124;121m=\033[38;2;136;126;122m=\033[38;2;138;127;124m=\033[38;2;138;128;124m=\033[38;2;139;128;124m=\033[38;2;121;108;104m-\033[38;2;83;67;61m:\033[38;2;79;60;53m:\033[38;2;87;67;58m:\033[38;2;93;72;63m:\033[38;2;99;76;68m:\033[38;2;109;82;76m-\033[38;2;116;88;83m-\033[38;2;121;93;88m-\033[38;2;128;99;94m-\033[38;2;135;104;99m=\033[38;2;139;106;102m=\033[38;2;140;106;103m=\033[38;2;140;106;104m===\033[38;2;138;104;103m=\033[38;2;134;103;100m-\033[38;2;128;106;101m=\033[38;2;125;106;99m-\033[38;2;118;99;93m-\033[38;2;111;91;85m-\033[38;2;104;82;75m-\033[38;2;98;76;67m:\033[38;2;92;69;59m:\033[38;2;90;66;57m::\033[38;2;91;69;60m:\033[38;2;94;71;62m:\033[38;2;94;71;63m:\033[38;2;93;70;62m:\033[38;2;92;68;60m:\033[38;2;90;67;58m:\033[38;2;92;69;60m:\033[38;2;98;75;66m:\033[38;2;111;91;83m-\033[38;2;126;110;102m=\033[38;2;135;119;113m=\033[38;2;136;120;114m==\033[38;2;137;122;115m=\033[38;2;138;123;117m=\033[38;2;143;127;122m=\033[38;2;148;135;128m=\033[38;2;149;136;129m=\033[38;2;147;134;126m=\033[38;2;146;132;126m=\033[38;2;149;134;129m=\033[38;2;148;133;129m=\033[38;2;146;132;128m=\033[38;2;146;133;128m=\033[38;2;155;141;136m+\033[38;2;187;178;175m*\033[38;2;158;153;151m+\033[38;2;121;116;114m=\033[38;2;122;117;116m=\033[38;2;122;118;118m=\033[38;2;119;117;117m=\033[38;2;89;88;88m-\033[38;2;45;45;45m.\033[38;2;37;37;37m.\033[38;2;38;38;38m..\033[0m  \033[31mB\033[m\033[31mB\033[m\033[31mB\033[m\033[31mB\033[m\033[31mB\033[m\033[31mB\033[m\033[31mB\033[m\033[31mB\033[m\033[31mB\033[m\033[31mB\033[m\033[31m7\033[m    \033[31mB\033[m\033[31mB\033[m\033[31mB\033[m\033[31m:\033[m   \033[31m.\033[m\033[31mB\033[m\033[31mB\033[m\033[31mB\033[m\033[31m.\033[m     \033[31mB\033[m\033[31mB\033[m\033[31mB\033[m\033[31m7\033[m    \033[31m:\033[m\033[31mB\033[m\033[31mB\033[m\033[31mB\033[m\033[31m:\033[m          ");
    $display("\033[38;2;38;38;38m.....\033[38;2;39;39;39m.\033[38;2;37;36;36m.\033[38;2;34;34;35m.\033[38;2;80;81;83m:\033[38;2;163;160;159m+\033[38;2;148;139;133m+\033[38;2;141;132;127m=\033[38;2;143;135;130m=\033[38;2;146;138;133m=\033[38;2;147;140;137m+\033[38;2;143;137;134m=\033[38;2;142;136;133m=\033[38;2;138;133;131m=\033[38;2;128;122;121m=\033[38;2;125;119;117m=\033[38;2;123;114;112m=\033[38;2;122;112;110m=\033[38;2;119;109;107m-\033[38;2;120;109;104m-\033[38;2;126;114;107m=\033[38;2;132;119;113m=\033[38;2;134;120;113m=\033[38;2;129;114;106m=\033[38;2;124;109;101m=\033[38;2;123;107;99m-\033[38;2;123;106;99m---\033[38;2;121;107;99m-\033[38;2;120;106;98m-\033[38;2;117;102;95m-\033[38;2;113;100;94m-\033[38;2;111;99;93m-\033[38;2;132;121;116m=\033[38;2;170;160;157m+\033[38;2;182;172;169m*\033[38;2;183;174;171m*\033[38;2;183;173;171m*\033[38;2;181;172;169m*\033[38;2;180;172;168m*\033[38;2;180;170;167m*\033[38;2;179;169;166m*\033[38;2;178;168;164m*\033[38;2;176;167;163m*\033[38;2;175;165;161m+\033[38;2;163;153;149m+\033[38;2;144;134;129m=\033[38;2;134;123;118m=\033[38;2;135;123;118m=\033[38;2;134;121;115m=\033[38;2;132;120;114m=\033[38;2;131;118;112m=\033[38;2;131;117;111m===\033[38;2;132;118;112m=\033[38;2;134;120;114m=\033[38;2;133;119;113m=\033[38;2;133;118;113m=\033[38;2;132;117;112m==\033[38;2;132;117;111m=\033[38;2;129;115;108m=\033[38;2;132;117;110m=\033[38;2;171;165;163m+\033[38;2;109;109;109m-\033[38;2;36;36;36m.\033[38;2;35;36;36m.\033[38;2;36;37;37m.\033[38;2;34;35;35m.\033[38;2;33;34;34m.\033[38;2;37;37;37m.\033[38;2;38;38;38m...\033[0m  \033[31mB\033[m\033[31mB\033[m\033[31mB\033[m\033[31mB\033[m    \033[31m.\033[m\033[31m.\033[m    \033[31mi\033[m\033[31mB\033[m\033[31mB\033[m\033[31mB\033[m\033[31mB\033[m\033[31mB\033[m\033[31mB\033[m\033[31mB\033[m\033[31mB\033[m\033[31mB\033[m\033[31mB\033[m\033[31mB\033[m\033[31mP\033[m     \033[31mB\033[m\033[31mB\033[m\033[31mB\033[m\033[31m7\033[m    \033[31m:\033[m\033[31mB\033[m\033[31mB\033[m\033[31mB\033[m\033[31m:\033[m          ");
    $display("\033[38;2;38;38;38m......\033[38;2;37;37;37m.\033[38;2;35;35;35m.\033[38;2;72;72;73m:\033[38;2;161;155;154m+\033[38;2;141;128;124m=\033[38;2;129;113;106m=\033[38;2;132;116;109m=\033[38;2;131;115;108m=\033[38;2;128;110;103m=\033[38;2;125;105;99m-\033[38;2;122;103;96m-\033[38;2;122;102;95m-\033[38;2;122;101;94m-\033[38;2;120;100;92m-\033[38;2;120;99;92m-\033[38;2;119;99;92m-\033[38;2;119;101;93m-\033[38;2;121;103;96m-\033[38;2;122;104;96m-\033[38;2;124;104;96m-\033[38;2;125;106;98m-\033[38;2;123;105;97m-\033[38;2;121;103;95m-\033[38;2;121;102;94m-\033[38;2;121;101;94m-\033[38;2;122;102;95m-\033[38;2;121;102;94m-\033[38;2;121;103;95m-\033[38;2;122;103;95m-\033[38;2;122;103;96m-\033[38;2;121;103;96m-\033[38;2;120;104;96m-\033[38;2;122;107;99m-\033[38;2;129;113;106m=\033[38;2;132;116;109m=\033[38;2;134;118;111m=\033[38;2;136;119;112m=\033[38;2;137;121;114m=\033[38;2;140;124;117m=\033[38;2;142;125;119m=\033[38;2;144;127;121m=\033[38;2;145;128;122m=\033[38;2;144;130;125m=\033[38;2;146;132;127m=\033[38;2;151;138;133m+\033[38;2;167;163;160m+\033[38;2;127;127;125m=\033[38;2;66;65;65m:\033[38;2;62;62;62m:\033[38;2;62;63;63m::\033[38;2;63;63;63m:\033[38;2;64;64;64m:\033[38;2;66;66;66m:\033[38;2;69;69;70m:\033[38;2;73;73;74m:\033[38;2;74;75;75m:\033[38;2;74;74;75m::\033[38;2;75;74;75m:\033[38;2;77;77;77m:\033[38;2;80;79;79m:\033[38;2;80;80;80m:\033[38;2;68;68;68m:\033[38;2;43;43;43m.\033[38;2;38;38;38m.\033[38;2;37;37;37m.\033[38;2;38;38;38m.......\033[0m  \033[31mB\033[m\033[31mB\033[m\033[31mB\033[m\033[31mB\033[m          \033[31mB\033[m\033[31mB\033[m\033[31mB\033[m\033[31mB\033[m\033[31mi\033[m\033[31m7\033[m\033[31mv\033[m\033[31mv\033[m\033[31mi\033[m\033[31mQ\033[m\033[31mB\033[m\033[31mB\033[m\033[31mB\033[m\033[31m.\033[m    \033[31mB\033[m\033[31mB\033[m\033[31mB\033[m\033[31m7\033[m    \033[31m:\033[m\033[31mB\033[m\033[31mB\033[m\033[31mB\033[m\033[31m.\033[m          ");
    $display("\033[38;2;38;38;38m........\033[38;2;37;37;37m.\033[38;2;50;50;50m.\033[38;2;70;70;70m:\033[38;2;77;77;76m:\033[38;2;85;84;83m-\033[38;2;89;88;87m-\033[38;2;93;92;91m-\033[38;2;97;96;95m-\033[38;2;103;101;100m-\033[38;2;115;111;109m-\033[38;2;121;116;114m=\033[38;2;124;119;117m=\033[38;2;130;124;121m=\033[38;2;132;124;121m=\033[38;2;134;126;124m=\033[38;2;132;124;121m=\033[38;2;136;127;124m=\033[38;2;140;132;128m=\033[38;2;138;129;124m=\033[38;2;137;127;121m=\033[38;2;136;126;120m=\033[38;2;138;127;121m=\033[38;2;138;125;121m=\033[38;2;136;123;119m=\033[38;2;134;121;116m=\033[38;2;133;120;115m=\033[38;2;132;119;114m=\033[38;2;132;118;114m=\033[38;2;132;118;112m=\033[38;2;135;121;116m=\033[38;2;140;126;121m=\033[38;2;139;125;119m=\033[38;2;137;123;118m=\033[38;2;136;122;116m=\033[38;2;135;122;114m=\033[38;2;135;121;114m=\033[38;2;134;120;113m=\033[38;2;135;119;114m===\033[38;2;135;119;113m=\033[38;2;133;118;111m=\033[38;2;133;118;112m=\033[38;2;162;154;151m+\033[38;2;124;124;122m=\033[38;2;41;40;41m.\033[38;2;34;34;35m.\033[38;2;34;34;34m.\033[38;2;35;35;35m....\033[38;2;34;34;34m..........\033[38;2;37;37;37m.\033[38;2;38;38;38m.........\033[0m  \033[31mB\033[m\033[31mB\033[m\033[31mB\033[m\033[31mB\033[m         \033[31mr\033[m\033[31mB\033[m\033[31mB\033[m\033[31mB\033[m\033[31m.\033[m      \033[31mB\033[m\033[31mB\033[m\033[31mB\033[m\033[31mQ\033[m   \033[31m.\033[m\033[31mB\033[m\033[31mB\033[m\033[31mB\033[m\033[31mv\033[m    \033[31mi\033[m\033[31mB\033[m\033[31mB\033[m\033[31mB\033[m\033[31m2\033[m\033[31mi\033[m\033[31mr\033[m\033[31m7\033[m\033[31m7\033[m\033[31m7\033[m\033[31mL\033[m\033[31m7\033[m   ");
    $display("\033[38;2;38;38;38m.........\033[38;2;36;36;36m.\033[38;2;34;34;34m.\033[38;2;34;34;33m.\033[38;2;33;34;33m.\033[38;2;33;33;32m.\033[38;2;33;33;33m.\033[38;2;33;34;34m.\033[38;2;34;34;35m.\033[38;2;34;34;34m.\033[38;2;35;36;35m.\033[38;2;37;37;37m.\033[38;2;38;39;39m.\033[38;2;40;41;42m.\033[38;2;44;45;46m.\033[38;2;46;47;47m.\033[38;2;49;50;50m.\033[38;2;52;53;53m.\033[38;2;52;53;54m.\033[38;2;53;54;54m.\033[38;2;55;56;56m.\033[38;2;60;61;61m:\033[38;2;62;63;63m::\033[38;2;62;62;63m:::\033[38;2;62;63;63m:\033[38;2;64;64;65m:\033[38;2;71;71;72m:\033[38;2;81;81;82m:\033[38;2;83;83;83m:\033[38;2;83;83;84m:\033[38;2;82;82;83m:\033[38;2;82;83;82m:\033[38;2;82;82;82m:::\033[38;2;82;82;83m:\033[38;2;82;83;83m:\033[38;2;82;82;82m:\033[38;2;83;83;83m:\033[38;2;82;82;82m:\033[38;2;64;64;64m:\033[38;2;38;40;39m.\033[38;2;37;37;37m.\033[38;2;38;38;38m..........................\033[0m \033[31m.\033[m\033[31mB\033[m\033[31mB\033[m\033[31mB\033[m\033[31mB\033[m        \033[31m:\033[m\033[31mB\033[m\033[31mB\033[m\033[31mB\033[m\033[31mB\033[m       \033[31mB\033[m\033[31mB\033[m\033[31mB\033[m\033[31mB\033[m\033[31m7\033[m  \033[31m.\033[m\033[31mB\033[m\033[31mB\033[m\033[31mB\033[m\033[31mB\033[m    \033[31m7\033[m\033[31mB\033[m\033[31mB\033[m\033[31mB\033[m\033[31mB\033[m\033[31mB\033[m\033[31mB\033[m\033[31mB\033[m\033[31mB\033[m\033[31mB\033[m\033[31mB\033[m\033[31mB\033[m   ");
    $display("\033[38;2;38;38;38m...................\033[38;2;37;37;37m....\033[38;2;36;36;36m......\033[38;2;35;35;35m........\033[38;2;34;34;34m.\033[38;2;33;33;33m.....\033[38;2;33;33;34m..\033[38;2;33;33;33m...\033[38;2;33;33;34m.\033[38;2;33;33;33m..\033[38;2;34;35;35m.\033[38;2;37;37;37m.\033[38;2;38;38;38m...........................\033[0m  \033[31m.\033[m \033[31m.\033[m\033[31m.\033[m        \033[31m.\033[m\033[31m.\033[m\033[31m.\033[m\033[31m.\033[m         \033[31m.\033[m\033[31m.\033[m\033[31m.\033[m\033[31m:\033[m   \033[31m.\033[m\033[31m.\033[m\033[31m.\033[m\033[31m.\033[m    \033[31m.\033[m\033[31m.\033[m   \033[31m.\033[m\033[31m.\033[m\033[31m.\033[m\033[31m.\033[m\033[31m.\033[m\033[31m.\033[m\033[31m.\033[m   ");
end endtask
